LCFA	MCFA	SCFA	SFA	MUFA	PUFA	LMS_sum	LCFA_percent	MCFA_percent	SCFA_percent	UFA	FA_sum	UFA_percent	SFA_percent
M21-00302	1.44473	1.77296	0.566081	2.71253	1.04198	0.13577	3.78376	38	47	15	1.17775	3.89027	30.2741	69.7259
M21-00304	1.69741	1.53044	0.540032	2.54233	1.19672	0.150315	3.76788	45	41	14	1.34704	3.88937	34.6339	65.3661
M21-00308	1.73848	1.71506	0.603524	2.8883	1.20261	0.143672	4.05707	43	42	15	1.34628	4.23458	31.7925	68.2075
M21-00309	1.62125	1.62543	0.597639	2.79935	1.11837	0.141953	3.84433	42	42	16	1.26033	4.05967	31.045	68.955
M21-00315	1.41175	1.39519	0.438055	2.14749	1.00835	0.121465	3.245	44	43	13	1.12981	3.27731	34.4739	65.5261
M21-00323	1.22654	1.50935	0.460584	2.23742	0.903489	0.11883	3.19647	38	47	15	1.02232	3.25974	31.362	68.638
M21-00346	1.30265	1.49452	0.478439	2.25234	0.939683	0.117737	3.27561	40	46	14	1.05742	3.30976	31.9485	68.0515
M21-00396	1.65795	1.794	0.578016	2.7722	1.21058	0.153581	4.02997	41	45	14	1.36416	4.13636	32.9797	67.0203
M21-00439	1.69896	1.46794	0.483612	2.3973	1.20038	0.134764	3.65051	47	40	13	1.33515	3.73244	35.7714	64.2286
M21-00514	1.20266	1.25871	0.387368	1.96561	0.883049	0.109517	2.84874	42	44	14	0.992565	2.95818	33.5533	66.4467
